NH3_boiler_EI: 0.5
alk_ely_stack_and_BoP_capex_EI: 0.06810328194709983
alk_ely_stack_capex_EI: 0.03787833627233622
atr_NG_PO_ccs_consume: 59.553758933105506
atr_NG_PO_consume: 70.00178681610647
atr_NG_ccs_consume: 200.10871547121292
atr_NG_consume: 235.21550765914503
atr_RNG_PO_ccs_consume: -33.78898498210786
atr_RNG_PO_consume: -39.71687708423205
atr_RNG_ccs_consume: 26.688263795470192
atr_RNG_consume: 31.37041533853514
atr_ccs_perc_capture: 0.944962452916032
atr_ccs_steam_prod: 0
atr_steam_prod: 0
battery_LFP_commercial_EI: 354541390.83383626
battery_LFP_residential_EI: 576405.6424698414
bio_capex_EI: 0.8024709647074963
blue_NH3_H2_consume: 0.197284
blue_NH3_PO_consume: 10.511286855716875
ccs_PO_consume: 0
coal_capex_EI: 0.787168248190693
conventional_NH3_H2_consume: 0.197284
conventional_NH3_PO_consume: 10.23537590765215
fuel_to_grid_curr: 48
fuel_to_grid_futu: 14
gas_capex_EI: 0.41717418751315494
geothermal_EGS_capex_EI: 20.519336905348094
geothermal_binary_capex_EI: 20.441208023410056
geothermal_flash_capex_EI: 4.610026401649909
green_NH3_H2_consume: 0.197284
green_NH3_PO_consume: 11.868473191460808
grid_trans_losses: 0.05
hydro_capex_EI: 7.1247991315096995
nuclear_BWR_capex_EI: 0.21531587130515153
nuclear_PWR_capex_EI: 0.21977447924631122
pem_ely_PO_consume: 58.47761619652339
pem_ely_stack_and_BoP_capex_EI: 0.03743276548708832
pem_ely_stack_capex_EI: 0.013571689361050155
smr_HEX_eff: 0.9
smr_NG_PO_ccs_consume: 24.50295261348871
smr_NG_PO_consume: 10.022332018848383
smr_NG_ccs_consume: 81.93888486891485
smr_NG_combust: 56.2
smr_NG_consume: 35.15241352553791
smr_NG_supply: 9
smr_RNG_PO_ccs_consume: -39.92044779395092
smr_RNG_PO_consume: -58.839486501775966
smr_RNG_ccs_consume: 20.451469888009747
smr_RNG_consume: -24.369842332237294
smr_ccs_perc_capture: 0.96172541881592
smr_ccs_steam_prod: 0.0
smr_steam_prod: 25.660145583754137
soec_ely_stack_and_BoP_capex_EI: 0.04801288545804755
soec_ely_stack_capex_EI: 0.01765144489493827
solar_pv_capex_EI: 35.87693438887993
steel_CH4_prod: 67.21122926311979
steel_CO2_prod: 1043.8702438941834
steel_H2O_EI: 15.330033263212272
steel_H2O_consume: 6.298151793381734
steel_H2_consume: 0.08182177446508981
steel_NG_consume: 4.5734003639185286
steel_NG_supply_EI: 12.684153059614143
steel_PO_consume: 12.259685622152666
steel_iron_ore_EI: 0.04510598424029733
steel_iron_ore_consume: 1.8233005733005732
steel_lime_EI: 1.2823599711015228
steel_lime_consume: 0.012694512694512694
wind_capex_EI: 9.778573629425816
